0989167
0896899
0855526
0179124
0179123
0178756
0177120
0176491
0176045
0175863
0175189
0174620
0174440
0173969
0173389
0172563
0172280
0172241
0172071
0171984
0171983
0171980
0171432
0171311
0170679
0170355
0169296
0169194
0168666
0168493
0168490
0168407
0168402
0168283
0168028
0167663
0167161
0166959
0166878
0166633
0166616
0166326
0166186
0166142
0166139
0165922
0165918
0165878
0165873
0165863
0165847
0165588
0165547
0165519
0165401
0165332
0165326
0165267
0165260
0165193
0164963
0164878
0164785
0164008
0163873
0163734
0163255
0163251
0163237
0163235
0162989
0162919
0162383
0162262
0162259
0161886
0161734
0161512
0161063
0160968
0160791
0160785
0160518
0160453
0160450
0160412
0160411
0160385
0160380
0160358
0160357
0159991
0159949
0159864
0159653
0159632
0158701
0158408
0157954
0157785
0157517
0157491
0157180
0156956
0156815
0156764
0156058
0155934
0155777
0155776
0155703
0155135
0154911
0154904
0154611
0154428
0154175
0153920
0153769
0153740
0153673
0153510
0153345
0153307
0153290
0153267
0153125
0152889
0152752
0152751
0152659
0152588
0152582
0152543
0152421
0152419
0152401
0152319
0152228
0152183
0152026
0151775
0151687
0151472
0151471
0151470
0151469
0151433
0151362
0151188
0151127
0151102
0151101
0151087
0151070
0151060
0151042
0151029
0150574
0150543
0150393
0150278
0150180
0150091
0150090
0149849
0149814
0149640
0149639
0149579
0149505
0149449
0149433
0149409
0149294
0149291
0149223
0149215
0149008
0148991
0148910
0148898
0148809
0148737
0148730
0148355
0148240
0148014
0147993
0147957
0147770
0147726
0147615
0147614
0147569
0147567
0147452
0147451
0147450
0147449
0147448
0147370
0147284
0146961
0146955
0146672
0146638
0146582
0146576
0146492
0146086
0146033
0145590
0145588
0145484
0145320
0145124
0145079
0144994
0144861
0144806
0144777
0144747
0144705
0144700
0144524
0144509
0144505
0144496
0144194
0144110
0144033
0143730
0143665
0143653
0143581
0143513
0143351
0143297
0143188
0143098
0143072
0143017
0142967
0142903
0142855
0142841
0142840
0142518
0142517
0142406
0142277
0142067
0141948
0141854
0141841
0141829
0141814
0141430
0141389
0141353
0141351
0141328
0141321
0141270
0141269
0141268
0141176
0140984
0140953
0140936
0140835
0140829
0140799
0140797
0140793
0140773
0140769
0140768
0140717
0140602
0140595
0140554
0140511
0140510
0140455
0140356
0140354
0140310
0140255
0140072
0140050
0140049
0140045
0140003
0139910
0139848
0139736
0139668
0139611
0139584
0139498
0139354
0139346
0139344
0139246
0139238
0139229
0139049
0139044
0139017
0139002
0139000
0138917
0138915
0138884
0138863
0138861
0138859
0138856
0138847
0138833
0138832
0138831
0138813
0138669
0138575
0138325
0138290
0138255
0138203
0138199
0138192
0138150
0138094
0138041
0137939
0137849
0137762
0137542
0137440
0137414
0137413
0137236
0137177
0137113
0137042
0137040
0136816
0136805
0136773
0136750
0136702
0136568
0136567
0136560
0136552
0136540
0136526
0136465
0136446
0136433
0136412
0136338
0136264
0136140
0135982
0135713
0135665
0135609
0135608
0135599
0135597
0135591
0135581
0135575
0135573
0135569
0135507
0135506
0135503
0135486
0135470
0135433
0135422
0135421
0135383
0135382
0135381
0135380
0135195
0135093
0135052
0135028
0135021
0134970
0134787
0134635
0134632
0134533
0134435
0134316
0134268
0134142
0134141
0134140
0134139
0134138
0134123
0134084
0134062
0134058
0134036
0134027
0134023
0133926
0133921
0133920
0133867
0133825
0133824
0133823
0133732
0133624
0133563
0133517
0133454
0133336
0133306
0133104
0133099
0132931
0132747
0132746
0132745
0132739
0132648
0132350
0132346
0132306
0132234
0132232
0132183
0132174
0132163
0132138
0132080
0132079
0132077
0132076
0132032
0131876
0131861
0131858
0131836
0131655
0131492
0131490
0131486
0131456
0131452
0131440
0131392
0131391
0131382
0131381
0131297
0131272
0131268
0131267
0131051
0131050
0131042
0131041
0131037
0130982
0130981
0130758
0130713
0130677
0130651
0130391
0130352
0130303
0130301
0130298
0130208
0130206
0130196
0130185
0130127
0130114
0130084
0130083
0130080
0130071
0130040
0129972
0129968
0129952
0129946
0129941
0129879
0129870
0129843
0129839
0129837
0129806
0129736
0129514
0129409
0129365
0129317
0129294
0129211
0129156
0129107
0129044
0129021
0128831
0128738
0128568
0128544
0128543
0128383
0128334
0128301
0128297
0128294
0128164
0128161
0128160
0128138
0128024
0127790
0127341
0127167
0127147
0127134
0127126
0127124
0127105
0126936
0126739
0126738
0126509
0126498
0126220
0126208
0126199
0126197
0126194
0126183
0126158
0126050
0125898
0125840
0125751
0125750
0125729
0125625
0125592
0125452
0125400
0125389
0125345
0125179
0125176
0125015
0124958
0124909
0124814
0124803
0124775
0124772
0124769
0124750
0124746
0124745
0124669
0124668
0124665
0124664
0124582
0124571
0124489
0124366
0124267
0124266
0124232
0124193
0124161
0124125
0124113
0124108
0123929
0123818
0123803
0123580
0123465
0123427
0123335
0123307
0123275
0123179
0123035
0122997
0122985
0122925
0122924
0122898
0122854
0122828
0122754
0122635
0122620
0122502
0122445
0122413
0122377
0122228
0122223
0122054
0122041
0121986
0121971
0121934
0121933
0121886
0121859
0121817
0121658
0121632
0121621
0121481
0121475
0121461
0121403
0121369
0121307
0121299
0121210
0121047
0121045
0120985
0120984
0120920
0120758
0120527
0120526
0120525
0120523
0120521
0120241
0120171
0120014
0119978
0119940
0119921
0119892
0119888
0119870
0119826
0119802
0119735
0119669
0119623
0119612
0119552
0119517
0119516
0119515
0119504
0119332
0119326
0119294
0119238
0119236
0119008
0119006
0119003
0118970
0118931
0118926
0118901
0118835
0118834
0118802
0118774
0118456
0118388
0118387
0118341
0118167
0118106
0118085
0118049
0117989
0117848
0117777
0117756
0117755
0117731
0117716
0117714
0117713
0117712
0117650
0117472
0117423
0117422
0117340
0117318
0117236
0117197
0117191
0117190
0117188
0117186
0117171
0117159
0117151
0117149
0117145
0117144
0117115
0117085
0117084
0117062
0117059
0117042
0116934
0116868
0116860
0116836
0116802
0116769
0116767
0116739
0116731
0116723
0116722
0116721
0116720
0116719
0116638
0116569
0116566
0116561
0116555
0116540
0116529
0116447
0116405
0116404
0116382
0116336
0116311
0116298
0116293
0116276
0116269
0116253
0116252
0116238
0116144
0116060
0116035
0116034
0116005
0116001
0115987
0115975
0115974
0115973
0115971
0115970
0115934
0115929
0115925
0115690
0115665
0115602
0115497
0115383
0115382
0115373
0115336
0115330
0115318
0115313
0115305
0115295
0115251
0115244
0115232
0115220
0115194
0115139
0115108
0115107
0115055
0115025
0114944
0114931
0114881
0114804
0114788
0114629
0114548
0114527
0114521
0114499
0114498
0114497
0114449
0114441
0114440
0114439
0114420
0114401
0114398
0114396
0114395
0114382
0114368
0114349
0114348
0114243
0114238
0114123
0114121
0114056
0114049
0114035
0114032
0113984
0113983
0113982
0113972
0113929
0113927
0113888
0113815
0113814
0113765
0113763
0113722
0113721
0113670
0113611
0113609
0113588
0113573
0113561
0113456
0113454
0113442
0113435
0113432
0113420
0113397
0113308
0113242
0113200
0113096
0113076
0113075
0113065
0113064
0113062
0113039
0113038
0113026
0112998
0112997
0112996
0112907
0112889
0112819
0112808
0112778
0112623
0112528
0112457
0112438
0112437
0112401
0112366
0112312
0112292
0112270
0112266
0112265
0112264
0112257
0112256
0112255
0112253
0112238
0112193
0112179
0112168
0112144
0112127
0112126
0112125
0112124
0112123
0112122
0112121
0112113
0112102
0111925
0111924
0111903
0111902
0111864
0111852
0111821
0111787
0111766
0111765
0111678
0111670
0111665
0111618
0111617
0111616
0111611
0111562
0111482
0111455
0111396
0111395
0111394
0111363
0111355
0111349
0111332
0111331
0111329
0111298
0111291
0111272
0111252
0111243
0111194
0111148
0111134
0111123
0111107
0111105
0110964
0110963
0110950
0110949
0110948
0110947
0110946
0110925
0110897
0110894
0110877
0110872
0110869
0110625
0110614
0110569
0110568
0110565
0110494
0110481
0110458
0110456
0110455
0110454
0110453
0110438
0110406
0110368
0110356
0110289
0110279
0110011
0110010
0110007
0109989
0109988
0109942
0109858
0109849
0109848
0109841
0109766
0109709
0109699
0109549
0109546
0109528
0109519
0109518
0109517
0109475
0109473
0109442
0109437
0109373
0109363
0109351
0109329
0109276
0109270
0109265
0109219
0109213
0109199
0109155
0109137
0109113
0109110
0109030
0109028
0109027
0108950
0108948
0108869
0108868
0108867
0108791
0108772
0108770
0108748
0108737
0108732
0108731
0108730
0108712
0108679
0108678
0108677
0108675
0108674
0108528
0108454
0108440
0108291
0108238
0108226
0108178
0108124
0108107
0108100
0108084
0108048
0108018
0107974
0107932
0107879
0107830
0107800
0107793
0107757
0107675
0107657
0107653
0107610
0107609
0107606
0107504
0107495
0107486
0107471
0107469
0107439
0107438
0107437
0107377
0107251
0107240
0107199
0107194
0107151
0107144
0107143
0107040
0107039
0106995
0106987
0106986
0106958
0106911
0106910
0106909
0106907
0106903
0106892
0106784
0106704
0106703
0106702
0106695
0106690
0106689
0106688
0106621
0106599
0106597
0106594
0106538
0106469
0106467
0106462
0106331
0106326
0106294
0106191'
0106170
0106159
0106087
0106016
0106014
0106010
0106009
0106007
0106006
0106005
0106002
0106001
0105998
0105997
0105932
0105885
0105880
0105797
0105793
0105771
0105657
0105656
0105644
0105636
0105572
0105568
0105508
0105467
0105466
0105453
0105452
0105406
0105340
0105292
0105278
0105268
0105195
0105170
0105163
0105127
0105020
0104965
0104964
0104887
0104886
0104850
0104841
0104835
0104825
0104820
0104814
0104742
0104741
0104737
0104736
0104709
0104530
0104458
0104415
0104395
0104366
0104224
0104172
0104076
0104053
0104052
0103982
0103910
0103909
0103864
0103819
0103771
0103654
0103629
0103615
0103613
0103606
0103605
0103603
0103564
0103559
0103557
0103555
0103538
0103536
0103532
0103529
0103524
0103519
0103518
0103517
0103500
0103471
0103466
0103444
0103424
0103378
0103240
0103236
0103121
0103083
0103073
0103053
0103033
0103032
0102992
0102990
0102989
0102986
0102985
0102944
0102940
0102929
0102916
0102845
0102844
0102837
0102825
0102818
0102790
0102788
0102787
0102748
0102736
0102730
0102588
0102587
0102531
0102518
0102446
0102433
0102409
0102286
0102277
0102211
0102210
0102160
0102152
0102149
0102147
0102118
0102115
0102105
0102085
0102079
0102076
0102075
0102067
0102041
0102040
0102009
0101982
0101970
0101957
0101950
0101947
0101909
0101872
0101871
0101854
0101853
0101852
0101851
0101849
0101848
0101844
0101836
0101833
0101821
0101798
0101795
0101748
0101739
0101735
0101731
0101729
0101728
0101727
0101724
0101710
0101709
0101708
0101707
0101706
0101705
0101704
0101703
0101702
0101692
0101631
0101610
0101609
0101608
0101604
0101579
0101570
0101566
0101557
0101545
0101536
0101535
0101339
0101316
0101312
0101310
0101275
0101213
0101201
0101200
0101104
0101094
0101031
0101014
0100986
0100915
0100911
0100826
0100809
0100759
0100758
0100646
0100640
0100635
0100613
0100607
0100583
0100576
0100555
0100554
0100516
0100508
0100463
0100422
0100411
0100404
0100363
0100356
0100355
0100332
0100317
0100301
0100248
0100243
0100239
0100232
0100211
0100210
0100199
0100198
0100192
0100188
0100185
0100183
0100182
0100116
0100113
0100064
0100063
0100062
0100061
0100060
0100059
0100058
0100057
0100056
0100055
0100054
0100053
0100052
0100051
0100050
0100049
0100048
0100047
0099958
0099957
0099956
0099955
0099953
0099952
0099951
0099950
0099947
0099946
0099944
0099943
0099942
0099941
0099940
0099938
0099937
0099936
0099935
0099934
0099933
0099932
0099931
0099930
0099929
0099928
0099927
0099926
0099925
0099924
0099923
0099922
0099920
0099918
0099917
0099916
0099915
0099914
0099913
0099912
0099911
0099910
0099909
0099907
0099905
0099904
0099903
0099901
0099900
0099899
0099895
0099894
0099893
0099892
0099891
0099890
0099889
0099887
0099886
0099885
0099884
0099883
0099882
0099881
0099880
0099879
0099878
0099877
0099876
0099875
0099874
0099873
0099872
0099871
0099870
0099869
0099868
0099867
0099866
0099865
0099864
0099863
0099862
0099861
0099859
0099855
0099853
0099849
0099809
0099808
0099807
0099806
0099805
0099804
0099801
0099800
0099799
0099798
0099797
0099795
0099794
0099793
0099792
0099791
0099790
0099784
0099783
0099739
0099706
0099702
0099670
0099651
0099570
0099547
0099522
0099391
0099332
0099237
0099221
0099164
0099163
0099162
0099075
0099044
0099043
0098918
0098895
0098773
0098746
0098730
0098677
0098674
0098627
0098601
0098596
0098595
0098553
0098552
0098467
0098465
0098457
0098448
0098284
0098247
0098245
0098130
0098010
0098008
0097979
0097931
0097929
0097904
0097902
0097893
0097891
0097836
0097826
0097817
0097810
0097762
0097749
0097744
0097743
0097742
0097738
0097735
0097730
0097729
0097728
0097724
0097723
0097722
0097721
0097718
0097715
0097714
0097712
0097711
0097710
0097709
0097707
0097706
0097705
0097626
0097546
0097527
0097477
0097449
0097448
0097441
0097350
0097339
0097338
0097246
0097205
0097139
0097138
0097118
0097055
0096880
0096773
0096755
0096667
0096619
0096616
0096614
0096612
0096609
0096527
0096508
0096476
0096440
0096382
0096379
0096350
0096319
0096286
0096285
0096233
0096225
0096188
0096103
0096067
0096066
0096056
0096032
0096017
0095929
0095895
0095879
0095858
0095852
0095834
0095822
0095821
0095710
0095611
0095606
0095595
0095553
0095511
0095491
0095484
0095442
0095416
0095405
0095392
0095313
0095285
0095271
0095188
0095186
0095167
0095129
0095051
0095034
0094998
0094914
0094901
0094887
0094883
0094852
0094851
0094841
0094831
0094799
0094775
0094773
0094757
0094755
0094746
0094729
0094685
0094646
0094621
0094612
0094599
0094598
0094504
0094465
0094464
0094463
0094446
0094393
0094392
0094390
0094369
0094348
0094273
0094257
0094111
0094090
0094052
0094047
0094046
0094015
0093971
0093966
0093732
0093691
0093690
0093689
0093685
0093672
0093662
0093661
0093653
0093606
0093507
0093351
0093090
0093087
0093085
0093083
0092876
0092719
0092718
0092713
0092352
0092346
0092323
0092319
0092276
0092225
0092209
0092117
0092112
0092079
0092007
0091934
0091927
0091875
0091848
0091847
0091844
0091839
0091838
0091837
0091836
0091804
0091752
0091734
0091733
0091731
0091711
0091705
0091700
0091689
0091668
0091586
0091514
0091472
0091422
0091393
0091390
0091332
0091329
0091328
0091327
0091139
0091117
0091108
0091104
0091080
0091078
0091043
0091039
0091001
0090984
0090922
0090890
0090889
0090855
0090767
0090759
0090758
0090698
0090644
0090634
0090603
0090592
0090591
0090590
0090585
0090569
0090552
0090543
0090526
0090454
0090418
0090327
0090321
0090318
0090294
0090243
0090187
0090184
0090179
0090172
0090153
0090079
0090077
0090070
0090062
0090033
0090005
0089949
0089901
0089837
0089822
0089818
0089767
0089724
0089685
0089647
0089622
0089620
0089594
0089576
0089516
0089463
0089436
0089427
0089409
0089399
0089389
0089346
0089329
0089324
0089306
0089225
0089190
0089144
0089141
0089134
0089098
0089063
0089059
0089058
0089048
0089007
0088998
0088953
0088952
0088902
0088822
0088805
0088787
0088786
0088706
0088688
0088677
0088605
0088557
0088556
0088513
0088475
0088454
0088249
0088127
0088054
0088019
0088014
0087961
0087945
0087944
0087892
0087888
0087770
0087735
0087733
0087729
0087725
0087724
0087723
0087662
0087641
0087624
0087588
0087574
0087533
0087519
0087514
0087477
0087466
0087459
0087430
0087383
0087381
0087339
0087317
0087298
0087280
0087205
0087200
0087199
0087171
0087137
0087134
0087055
0087021
0086961
0086894
0086809
0086770
0086769
0086768
0086767
0086766
0086749
0086731
0086721
0086697
0086695
0086675
0086674
0086673
0086666
0086614
0086572
0086469
0086428
0086351
0086330
0086310
0086289
0086251
0086227
0086065
0086028
0085907
0085893
0085857
0085856
0085646
0085624
0085597
0085567
0085544
0085542
0085540
0085527
0085415
0085362
0085361
0085244
0085193
0085166
0085158
0085098
0085056
0085017
0085011
0085009
0084971
0084953
0084902
0084899
0084897
0084896
0084891
0084890
0084870
0084827
0084775
0084693
0084692
0084568
0084562
0084561
0084560
0084556
0084555
0084524
0084513
0084512
0084447
0084357
0084354
0084324
0084296
0084262
0084197
0084186
0084184
0084168
0084096
0084053
0084050
0084049
0084047
0084016
0083973
0083972
0083940
0083932
0083931
0083914
0083897
0083857
0083852
0083849
0083848
0083847
0083846
0083845
0083833
0083832
0083788
0083774
0083769
0083705
0083700
0083695
0083682
0083670
0083641
0083633
0083617
0083592
0083574
0083569
0083563
0083562
0083538
0083535
0083534
0083531
0083490
0083489
0083474
0083469
0083424
0083397
0083391
0083389
0083388
0083361
0083313
0083303
0083299
0083263
0083258
0083238
0083236
0083196
0083191
0083170
0083130
0083116
0083115
0083103
0083098
0083096
0083010
0083000
0082999
0082998
0082978
0082963
0082962
0082960
0082952
0082906
0082903
0082892
0082891
0082851
0082850
0082848
0082846
0082845
0082844
0082843
0082702
0082655
0082652
0082340
0082339
0082338
0082337
0082336
0082333
0082330
0082328
0082324
0082318
0082254
0082243
0082214
0082213
0082211
0082175
0082166
0082158
0082157
0082125
0082103
0082083
0082039
0082035
0081983
0081956
0081955
0081949
0081948
0081906
0081865
0081863
0081734
0081727
0081708
0081675
0081626
0081624
0081591
0081583
0081579
0081576
0081571
0081569
0081465
0081367
0081365
0081346
0081345
0081301
0081279
0081200
0081198
0081170
0081151
0081123
0081097
0081062
0081026
0081010
0081007
0081000
0080872
0080847
0080762
0080687
0080648
0080643
0080640
0080630
0080626
0080625
0080585
0080575
0080572
0080530
0080516
0080487
0080475
0080414
0080413
0080410
0080396
0080393
0080391
0080386
0080385
0080384
0080383
0080358
0080333
0080322
0080213
0080197
0080195
0080177
0080170
0080091
0080073
0080034
0079987
0079983
0079962
0079948
0079947
0079944
0079928
0079922
0079883
0079800
0079785
0079745
0079707
0079642
0079532
0079485
0079452
0079439
0079433
0079289
0079272
0079252
0079250
0079249
0079247
0079224
0079216
0079215
0079214
0079213
0079212
0079072
0079016
0079008
0078996
0078995
0078987
0078979
0078945
0078939
0078904
0078874
0078800
0078782
0078758
0078728
0078708
0078680
0078613
0078579
0078573
0078572
0078570
0078535
0078494
0078420
0078362
0078340
0078339
0078244
0078243
0078241
0078239
0078215
0078214
0078176
0078149
0078062
0078048
0077963
0077941
0077902
0077855
0077840
0077829
0077798
0077796
0077791
0077761
0077689
0077660
0077564
0077560
0077475
0077349
0077333
0077331
0077329
0077326
0077325
0077256
0077253
0077223
0077154
0077137
0077096
0077091
0077003
0076991
0076988
0076977
0076975
0076973
0076971
0076917
0076896
0076848
0076708
0076698
0076665
0076584
0076556
0076474
0076471
0076451
0076422
0076386
0076377
0076342
0076320
0076265
0076261
0076256
0076192
0076167
0076107
0076067
0076066
0076058
0076056
0076051
0076049
0076035
0076033
0076031
0076024
0076020
0075919
0075890
0075886
0075872
0075871
0075870
0075828
0075824
0075800
0075778
0075775
0075743
0075740
0075710
0075699
0075680
0075658
0075612
0075611
0075608
0075584
0075494
0075488
0075485
0075446
0075444
0075441
0075409
0075402
0075385
0075383
0075380
0075260
0075258
0075195
0075099
0074992
0074949
0074937
0074918
0074900
0074899
0074885
0074828
0074793
0074757
0074721
0074685
0074674
0074672
0074660
0074659
0074655
0074648
0074647
0074644
0074633
0074577
0074562
0074527
0074501
0074419
0074394
0074393
0074389
0074326
0074306
0074290
0074285
0074136
0074091
0074061
0074010
0073967
0073809
0073793
0073769
0073765
0073756
0073755
0073745
0073674
0073620
0073577
0073562
0073526
0073488
0073455
0073448
0073439
0073328
0073323
0073316
0073315
0073184
0073100
0073072
0073065
0073064
0073019
0072972
0072797
0072773
0072766
0072654
0072652
0072645
0072641
0072637
0072633
0072632
0072623
0072616
0072613
0072610
0072607
0072602
0072553
0072503
0072466
0072392
0072387
0072325
0072319
0072265
0072219
0072198
0072146
0072097
0072070
0072061
0072060
0072021
0071977
0071907
0071906
0071863
0071808
0071806
0071727
0071704
0071697
0071679
0071674
0071520
0071512
0071459
0071417
0071394
0071390
0071382
0071342
0071341
0071335
0071334
0071317
0071316
0071315
0071258
0071238
0071237
0071083
0071054
0071053
0071048
0071039
0071036
0071006
0070991
0070988
0070987
0070986
0070960
0070954
0070930
0070926
0070925
0070894
0070892
0070891
0070843
0070825
0070792
0070778
0070604
0070603
0070601
0070600
0070595
0070592
0070591
0070589
0070485
0070423
0070394
0070357
0070344
0070294
0070222
0070100
0070096
0070087
0070080
0070045
0070039
0070025
0070023
0069983
0069884
0069865
0069843
0069814
0069805
0069718
0069675
0069662
0069613
0069473
0069453
0069447
0069427
0069417
0069335
0069324
0069323
0069062
0069047
0069015
0069010
0068970
0068943
0068847
0068798
0068790
0068739
0068734
0068726
0068711
0068660
0068634
0068550
0068549
0068543
0068539
0068537
0068536
0068492
0068448
0068382
0068381
0068378
0068377
0068376
0068375
0068342
0068341
0068243
0068136
0068084
0068001
0068000
0067999
0067953
0067890
0067855
0067827
0067795
0067791
0067295
0067281
0067174
0067172
0067170
0066983
0066981
0066980
0066909
0066853
0066832
0066831
0066830
0066827
0066736
0066714
0066669
0066553
0066551
0066549
0066548
0066489
0066486
0066461
0066354
0066338
0066313
0066259
0066256
0066240
0066130
0066123
0066027
0066001
0065996
0065985
0065983
0065978
0065977
0065976
0065959
0065936
0065935
0065916
0065881
0065763
0065762
0065761
0065760
0065759
0065758
0065752
0065733
0065681
0065595
0065578
0065568
0065455
0065454
0065451
0065444
0065289
0065283
0065266
0065263
0065262
0065261
0065259
0065232
0065226
0065169
0065168
0065161
0065139
0065100
0065097
0065091
0065075
0065009
0064959
0064909
0064850
0064819
0064789
0064788
0064762
0064722
0064711
0064707
0064689
0064666
0064661
0064660
0064605
0064517
0064415
0064368
0064341
0064339
0064326
0064280
0064273
0064268
0064260
0064191
0064174
0064098
0063970
0063969
0063954
0063953
0063911
0063815
0063367
0063364
0063225
0063223
0063129
0063128
0063056
0062968
0062817
0062619
0062597
0062540
0062291
0062232
0062228
0062184
0062132
0062085
0061971
0061970
0061871
0061869
0061770
0061769
0061715
0061655
0061620
0061504
0061444
0061410
0061409
0061394
0061366
0061356
0061353
0061268
0061267
0061214
0061204
0061203
0061202
0061199
0061131
0061129
0061128
0061125
0061118
0061115
0061097
0061082
0061080
0061079
0061063
0061035
0060981
0060980
0060949
0060945
0060926
0060924
0060922
0060920
0060911
0060910
0060908
0060902
0060866
0060811
0060723
0060656
0060609
0060596
0060594
0060509
0060508
0060504
0060503
0060502
0060459
0060424
0060423
0060390
0060054
0060036
0060035
0059885
0059884
0059883
0059882
0059881
0059879
0059878
0059877
0059876
0059875
0059874
0059643
0059642
0059597
0059577
0059576
0059402
0059120
0059100
0059067
0059066
0059065
0059008
0058996
0058798
0058752
0058697
0058680
0058653
0058604
0058603
0058574
0058486
0058434
0058431
0058430
0058405
0058387
0058370
0058363
0058362
0058346
0058344
0058342
0058338
0058277
0058212
0058187
0058047
0058046
0058033
0058001
0057803
0057782
0057781
0057745
0057645
0057644
0057613
0057605
0057604
0057512
0057301
0057193
0057063
0057052
0056953
0056952
0056889
0056853
0056796
0056732
0056633
0056627
0056626
0056613
0056583
0056577
0056529
0056528
0056517
0056516
0056504
0056494
0056465
0056463
0056436
0056435
0056429
0056365
0056303
0056277
0056262
0056260
0056255
0056249
0056177
0056169
0056105
0056104
0056103
0056060
0056037
0056016
0056000
0055884
0055876
0055844
0055781
0055717
0055655
0055629
0055491
0055395
0055380
0055310
0055299
0055276
0055210
0055199
0055157
0055154
0055123
0055094
0055092
0055065
0055051
0054952
0054925
0054780
0054779
0054773
0054757
0054718
0054536
0054532
0054488
0054373
0054327
0054323
0054205
0054198
0054191
0054178
0054164
0054123
0054117
0054040
0054033
0054032
0054020
0053971
0053877
0053876
0053749
0053738
0053731
0053697
0053672
0053662
0053522
0053507
0053499
0053475
0053443
0053389
0053324
0053288
0053250
0053244
0053209
0053188
0053178
0053125
0053095
0053080
0053056
0053053
0053049
0052993
0052971
0052916
0052807
0052681
0052628
0052626
0052539
0052472
0052471
0052363
0052264
0052247
0052198
0052127
0052121
0052103
0052099
0052046
0052013
0051856
0051774
0051713
0051704
0051650
0051617
0051605
0051584
0051272
0051256
0051249
0051231
0051173
0051082
0051050
0051023
0051020
0051013
0051011
0050985
0050941
0050901
0050836
0050831
0050827
0050814
0050788
0050705
0050694
0050690
0050688
0050675
0050674
0050673
0050661
0050637
0050570
0050542
0050534
0050530
0050413
0050322
0050289
0050268
0050241
0050049
0050006
0049922
0049910
0049748
0049746
0049735
0049605
0049603
0049547
0049462
0049096
0049090
0049053
0048962
0048793
0048456
0048430
0048419
0048415
0048386
0048379
0048359
0048282
0048281
0048236
0048233
0048232
0048231
0048229
0048185
0048183
0048152
0048129
0048103
0048095
0048090
0048073
0048061
0048050
0048042
0047616
0047368
0047298
0046985
0046983
0046964
0046954
0046917
0046862
0046726
0046561
0046473
0046368
0046363
0046346
0046302
0046301
0046232
0046182
0045957
0045948
0045947
0045764
0045742
0045710
0045704
0045469
0045366
0045365
0045006
0044755
0044744
0044694
0044684
0044666
0044660
0044654
0044637
0044491
0044457
0044456
0044423
0044422
0044417
0044406
0044290
0044204
0044153
0044152
0044150
0044076
0044074
0044064
0044061
0044042
0044036
0044017
0043914
0043799-1
0043799
0043779
0043678
0043677
0043675
0043664
0043618
0043229
0043198
0043196
0043006
0042890
0042866
0042861
0042854
0042850
0042836
0042714
0042163
0042155
0042148
0042147
0042129
0042080
0042061
0042050
0041974
0041915
0041910
0041822
0041631
0041612
0041206
0041197
0041183
0041182
0041175
0041034
0040982
0040900
0040899
0040775
0040773
0040751
0040736
0040735
0040734
0040731
0040727
0040723
0040707
0040490
0040159
0040127
0040089
0039799
0039784
0039783
0039780
0039706
0039391
0039276
0039270
0039266
0039243
0039226
0039223
0039222
0039208
0039207
0039091
0038869
0038804
0037781
0037762
0037711
0037702
0037494
0037482
0037481
0037477
0037417
0037215
0037214
0037204
0037184
0037182
0037181
0037147
0037145
0037135
0037125
0037124
0036882
0036878
0036828
0036753
0036748
0036745
0036744
0036726
0036724
0036675
0036585
0036500
0036289
0036251
0036250
0036222
0036219
0036200
0036195
0036134
0036086
0036085
0036077
0036076
0036071
0036069
0036064
0036063
0036056
0036055
0036053
0036052
0036023
0036000
0035982
0035981
0035980
0035979
0035978
0035977
0035946
0035914
0035799
0035798
0035457
0035451
0035405
0035306
0035079
0035061
0035054
0035012
0035011
0034996
0034995
0034869
0034868
0034816
0034803
0034770
0034674
0034613
0034601
0034289
0034272
0034262
0034246
0034244
0034202
0034195
0034181
0034066
0034062
0033865
0033831
0033830
0033818
0033807
0033804
0033743
0033677
0033619
0033615
0033610
0033609
0033600
0033550
0033547
0033517
0033506
0033500
0033349
0033345
0033328
0033326
0033303
0033257
0033181
0033180
0033176
0033175
0033156
0033154
0033142
0033129
0033119
0033021
0032945
0032894
0032357
0032354
0032303
0032233
0032230
0032224
0032130
0032106
0032033
0032029
0031700
0031606
0031454
0031384
0031349
0031345
0031205
0031202
0031053
0031044
0030930
0030929
0030916
0030904
0030872
0030871
0030846
0030661
0030631
0030570
0030465
0030453
0030308
0030212
0030050
0030041
0030031
0029884
0029858
0029827
0029622
0029569
0029568
0029562
0029559
0029553
0029551
0029545
0029541
0029533
0029519
0029160
0029004
0028892
0028885
0028869
0028868
0028839
0028700
0028652
0028572
0028515
0028451
0028446
0028422
0028415
0028313
0028134
0027965
0027929
0027690
0027654
0027531
0027529
0027427
0027410
0027244
0026695
0026625
0026535
0026532
0026431
0026419
0026418
0026416
0026405
0026300
0026182
0026095
0026063
0026062
0026060
0025910
0025818
0025807
0025757
0025740
0025717
0025703
0025685
0025684
0025608
0025564
0025554
0025469
0025454
0025444
0025439
0025359
0025352
0025205
0025200
0025199
0025181
0025115
0025112
0025051
0025038
0025033
0025031
0025030
0025029
0025027
0025024
0025023
0025022
0025009
0024997
0024986
0024983
0024982
0024981
0024980
0024966
0024965
0024964
0024958
0024913
0024830
0024815
0024744
0024742
0024679
0024654
0024445
0024349
0024095
0024049
0023960
0023896
0023866
0023835
0023822
0023804
0023736
0023693
0023644
0023555
0023456
0023455
0023417
0023332
0023325
0023244
0023209
0023208
0023207
0023202
0023164
0023145
0022989
0022919
0022889
0022881
0022792
0022746
0022733
0022656
0022554
0022531
0022530
0022507
0022471
0022467
0022366
0022310
0022267
0022263
0022151
0022021
0021976
0021908
0021871
0021868
0021837
0021793
0021769
0021763
0021617
0021510
0021482
0021323
0021283
0021277
0021270
0021012
0020767
0020753
0020722
0020519
0020507
0020448
0020300
0020234
0020193
0020177
0020111
0020044
0019874
0019870
0019734
0019722
0019574
0019528
0019525
0019510
0019505
0019408
0019330
0019289
0019259
0019144
0019124
0019088
0018942
0018850
0018749
0018691
0018648
0018628
0018406
0018182
0018144
0018112
0018085
0017757
0017537
0017269
0017250
0017158
0017133
0017064
0017046
0017038
0016992
0016838
0016727
0016688
0016670
0016620
0016593
0016416
0016307
0016258
0016205
0016186
0016156
0016120
0016071
0016046
0016015
0016012
0015932
0015928
0015788
0015777
0015745
0015669
0015605
0015490
0015476
0015420
0015371
0015186
0015156
0014986
0014969
0014957
0014924
0014907
0014524
0014432
0014391
0014341
0014305
0014296
0014281
0014252
0014081
0014040
0013549
0013483
0013432
0013410
0013244
0013023
0012959
0012891
0012884
0012877
0012844
0012791
0012784
0012757
0012747
0012728
0012722
0012694
0012586
0012585
0012461
0012439
0012438
0012435
0012305
0012266
0012011
0012005
0011916
0011858
0011831
0011830
0011822
0011609
0011524
0011502
0011492
0011454
0011383
0011360
0011347
0011280
0011225
0011136
0011100
0011092
0010827
0010807
0010800
0010664
0010602
0010568
0010427
0010246
0010231
0010230
0010026
0010025
0009972
0009955
0009755
0009631
0009630
0009607
0009535
0009481
0009449
0009403
0009326
0009192
0009115
0009100
0008988
0008974
0008920
0008821
0008714
0008551
0008547
0008538
0008537
0008533
0008526
0008459
0008313
0008180
0008158
0008141
0008111
0008078
0008014
0008002
0007992
0007945
0007739
0007705
0007700
0007523
0007016
0006768
0006555
0006428
0006415
0006117
0006063
0005729
0005727
0005689
0005682
0005639
0005493
0005367
0005341
0005338
0005333
0005134
0005025
0005021
0005006
0004712
0004457
0004456
0004451
0004295
0004257
0004252
0004248
0004166
0004143
0004099
0003708
0003696
0003654
0003648
0003632
0003630
0003590
0003576
0003572
0003204
0002919
0002653
0002481
0001897
0001770
0001584
0001529
0001412
0001254
0001223
0001185
0001181
0001155
0001037
0000859
0000730
0000666
0000642
0000640
0000573
0000563
0000546
0000397
0000338
0000265
0000258
0000215
0000170
0000156
0000141
0000065
0000043
0000030
0000020
S58145
A1718
152325
152324
0195957
0190092
0184712
0181045
0180210
0175898
0174392
0156534
0156185
0120009
0107476
0087758